Attempt 1:
{'score': 0.0, 'T_1in0': matlab.double([[0.2443284137280583,0.8629017007514741,0.44238476588298586,-7.509594157638948],[-0.1133228212372514,-0.42767651801438095,0.8968002754938943,-1.903224064417791],[0.9630480592535146,-0.26924607848454984,-0.0067070700556134955,1.0594515325188223],[0.0,0.0,0.0,1.0]])}
Attempt 2:
{'score': 0.0, 'T_1in0': matlab.double([[0.9398609256198213,0.24092522264979488,0.2421084004825104,-2.1896553892953667],[0.34024551600873026,-0.7224721465998549,-0.6018861904241954,3.3738768071814924],[0.029907011368670494,0.6480656097020924,-0.7609970671378765,0.09222903713296215],[0.0,0.0,0.0,1.0]])}
Attempt 3:
{'score': 0.0, 'T_1in0': matlab.double([[-0.14681686553425521,0.9792567067260137,-0.13964637598884666,-7.8056123794226675],[0.48192589520808776,0.1941009625756224,0.8544426533449159,-1.5472836937641552],[0.8638241948004117,0.05814738738188267,-0.5004264599499926,1.288574031935654],[0.0,0.0,0.0,1.0]])}
Attempt 4:
{'score': 0.0, 'T_1in0': matlab.double([[0.9545752018630584,0.22581395752195016,0.19440740874867904,-2.554464990624911],[0.08544940767394872,0.417580831814721,-0.9046129822355509,1.835992800554854],[-0.2854550450005612,0.8801331180504461,0.37931663790892023,-1.3482594947819808],[0.0,0.0,0.0,1.0]])}
Attempt 5:
{'score': 0.0, 'T_1in0': matlab.double([[0.4377019306666745,-0.6493666636032345,0.6218841982969735,-6.2040750561576985],[0.6798733100785227,0.6916517595781894,0.24370089395664413,2.330261013071016],[-0.5883785364317251,0.3161341165916741,0.7442243735549536,-2.1478963995420965],[0.0,0.0,0.0,1.0]])}
Attempt 6:
{'score': 0.0, 'T_1in0': matlab.double([[0.6079872483730235,-0.27100680182830106,0.7462618971772547,-5.417764974042347],[0.3502562589781836,0.9350832616089468,0.05422035508350692,1.9990897667553742],[-0.7125110938521638,0.22841761583023756,0.6634405277913182,-2.8476201806568815],[0.0,0.0,0.0,1.0]])}
Attempt 7:
{'score': 0.0, 'T_1in0': matlab.double([[0.01363911941594495,0.8888105382226985,0.458071830137845,-8.234281505304516],[0.421821244284418,-0.42046890689956345,0.8032887004066668,-0.404572447973277],[0.9065764238562037,0.18226827885006064,-0.38065399279809686,1.9094690945494837],[0.0,0.0,0.0,1.0]])}
Attempt 8:
{'score': 0.0, 'T_1in0': matlab.double([[-1.098487659559333e-05,0.6708479094724829,0.7415949583402871,-8.077672463435892],[0.7968246008846538,-0.4480737279890349,0.4053399680651053,0.659487533374287],[0.6042106878435243,0.5909255593070991,-0.5345431956851078,1.89219658440012],[0.0,0.0,0.0,1.0]])}
Attempt 9:
{'score': 0.0, 'T_1in0': matlab.double([[0.5213925227106212,-0.07443365378526208,0.8500643907643879,-5.4303022883395045],[0.6391046080568347,0.6941470032160861,-0.33121781034033615,2.4253454508423253],[-0.5654158975674227,0.7159745589825819,0.40949394826752084,-2.431002138141726],[0.0,0.0,0.0,1.0]])}
Attempt 10:
{'score': 0.0, 'T_1in0': matlab.double([[0.4912079552784647,-0.5123349066765803,0.7044343035882407,-5.859288124047951],[0.572791547984338,0.7992651489187088,0.1818930022888729,2.028782399706199],[-0.6562199229136949,0.31414672547179917,0.6860665038073863,-2.683171060723378],[0.0,0.0,0.0,1.0]])}
