Attempt 1:
{'score': 0.0, 'T_1in0': matlab.double([[-0.7001695382847917,0.4354846549750586,0.5657877101345662,-9.55164789711186],[0.6950628909418064,0.23455930700526645,0.679609821245123,5.0010744297792415],[0.1632488753213332,0.8691001362204838,-0.4669205049340375,0.6055746292415312],[0.0,0.0,0.0,1.0]])}
Attempt 2:
{'score': 0.0, 'T_1in0': matlab.double([[0.5972395694107252,-0.5434790567321498,0.5898605018338015,-6.479335892051307],[0.7447623001901864,0.6487599008789452,-0.15633204158765351,-0.4366950520994415],[-0.2977146502030326,0.5326735453399893,0.7922277962489148,-3.0890599369937504],[0.0,0.0,0.0,1.0]])}
Attempt 3:
{'score': 0.0, 'T_1in0': matlab.double([[-0.5409338976095737,0.5928674388996917,0.596572475320003,-9.276441918242256],[0.6513703941088713,-0.153419235773748,0.7430875774584398,-2.0013409782237543],[0.5320781221732095,0.7905509079035451,-0.30318663215503383,0.7121549605019277],[0.0,0.0,0.0,1.0]])}
Attempt 4:
{'score': 0.0, 'T_1in0': matlab.double([[0.5804164446887621,-0.5366337392183711,0.6124875351118311,-6.559972257673012],[0.7436524943801377,0.6557752672931734,-0.1301528578586201,-0.4822648775867465],[-0.33180976226906944,0.5310207422870374,0.7796917678954085,-3.131761454393117],[0.0,0.0,0.0,1.0]])}
Attempt 5:
{'score': 0.0, 'T_1in0': matlab.double([[-0.5358536826254358,0.5764344526835983,0.6169150286515309,-9.247625072370056],[0.6566402705378774,-0.1747818548961008,0.7336721735945975,-1.849425774465635],[0.5307394708561833,0.7982321873730968,-0.2848525743553313,0.7620737300717166],[0.0,0.0,0.0,1.0]])}
Attempt 6:
{'error': "'str' object has no attribute 'config'"}
Attempt 7:
{'score': 0.0, 'T_1in0': matlab.double([[-0.6523764288055737,0.0,0.7578951082695324,-9.641086148300424],[0.7135848590945443,-0.3369148621088846,0.6142353169276176,-1.7558663104252086],[0.25534612589562766,0.9415351165464575,0.21979531455411644,-0.5316264788517243],[0.0,0.0,0.0,1.0]])}
Attempt 8:
{'error': "'str' object has no attribute 'config'"}
Attempt 9:
{'error': "'str' object has no attribute 'config'"}
Attempt 10:
{'error': "'str' object has no attribute 'config'"}
