Attempt 1:
{'score': 0.0, 'T_1in0': matlab.double([[0.8759042859593651,-0.2533386310627083,-0.41062296556486927,-2.504633197657212],[-0.15477807953473244,-0.9536161802351961,0.2581858378942851,2.305753357510624],[-0.45698515067073553,-0.16259064796262718,-0.8744877662160507,0.15489309164493176],[0.0,0.0,0.0,1.0]])}
Attempt 2:
{'score': 0.0, 'T_1in0': matlab.double([[0.8711381090359536,-0.4844447292747478,0.08019787567747444,-1.5713906693802688],[-0.48479101034110283,-0.8225379251390894,0.29733657360024607,1.7951473143224332],[-0.07807734164093985,-0.2979004296502409,-0.95139858247555,1.3246267526167252],[0.0,0.0,0.0,1.0]])}
Attempt 3:
{'score': 0.0, 'T_1in0': matlab.double([[0.989289448710339,-0.0256927918568971,0.14368808968384175,-1.9979898133091896],[0.005733013423515121,-0.9767882024541962,-0.21413066128741537,3.0761089992182793],[0.14585444534699432,0.2126609696039642,-0.9661789651920716,1.2835062002705477],[0.0,0.0,0.0,1.0]])}
Attempt 4:
{'score': 0.0, 'T_1in0': matlab.double([[0.8763597597902141,0.4710449432513599,-0.10054965369289612,-3.57177339247247],[0.4032956789172162,-0.831750675792158,-0.38150151858936304,3.840833802712238],[-0.26333660358396793,0.2937813383396085,-0.9188832126316426,-0.41074998159066944],[0.0,0.0,0.0,1.0]])}
Attempt 5:
{'score': 0.0, 'T_1in0': matlab.double([[0.48675513099013173,-0.6671580346383329,0.5638879314831065,-2.3456707512992803],[-0.17651834361561436,-0.7073264388933812,-0.6844929387580325,3.940783061150657],[0.8555178062565263,0.2336438864167534,-0.4620604046205386,2.039191900792576],[0.0,0.0,0.0,1.0]])}
Attempt 6:
{'score': 0.0, 'T_1in0': matlab.double([[0.749998693566422,-0.0473701739834676,0.6597408781221884,-4.098071193685664],[0.21650368905542874,-0.9249052098376072,-0.3125324070246829,4.905234328474014],[0.6250024898142811,0.3772352308998032,-0.6834218816323647,1.0490392700387194],[0.0,0.0,0.0,1.0]])}
Attempt 7:
{'score': 0.0, 'T_1in0': matlab.double([[0.9606380213928416,0.03261428185372878,0.2758820408682161,-2.7500251711428687],[0.20323883679022622,-0.7595359162559223,-0.6178989942842054,4.0738763776834865],[0.18938998673267354,0.6496472123671758,-0.7362675684755886,0.30953949632399336],[0.0,0.0,0.0,1.0]])}
Attempt 8:
{'score': 0.0, 'T_1in0': matlab.double([[0.9659247171331369,0.0853104092339257,-0.24435951978101805,-1.3360893947222081],[-0.21200889013475113,0.8023494991945717,-0.5579314578387304,1.122812036581913],[0.14846437732702306,0.5907261761751887,0.7930957782300565,-1.7612387166372911],[0.0,0.0,0.0,1.0]])}
Attempt 9:
{'score': 0.0, 'T_1in0': matlab.double([[0.9883158348244246,-0.0022026925825167076,-0.1524039329567564,-1.4174722738911163],[-0.08974575397326028,-0.8165995340504172,-0.570184970542378,3.370320472839812],[-0.12319703843466218,0.5772004410376248,-0.8072559325188634,0.036290953413163685],[0.0,0.0,0.0,1.0]])}
Attempt 10:
{'score': 0.0, 'T_1in0': matlab.double([[0.7793913342836986,0.5692395877618573,0.2617545410650721,-0.4367085809276612],[-0.5587598791743646,0.4425145380159866,0.7014045060231273,-0.1896698323690289],[0.2834370220499173,-0.6929265295608249,0.662960239503295,-1.2150953495750336],[0.0,0.0,0.0,1.0]])}
