# a, b, c:
a: 1.4785714285714278
b: -0.475714285714285
c: 0.6057142857142883