Attempt 1:
{'score': 0.0, 'T_1in0': matlab.double([[0.5950371573730049,0.752653021721937,-0.281858493287485,-6.407998507522909],[0.11273954576983214,0.26906629349452976,0.9565004571482062,-1.8993979431192867],[0.7957515794298279,-0.6009299115520487,0.0752506826346529,1.5661147381177365],[0.0,0.0,0.0,1.0]])}
Attempt 2:
{'score': 0.0, 'T_1in0': matlab.double([[0.6556333406604181,0.7344171322254909,-0.17543203387108663,-6.065397625920802],[0.0990758417163915,0.1466539654185402,0.984213692251437,-1.6902785140462369],[0.7485512007889967,-0.6626643873943308,0.023388233722276164,1.573839277742197],[0.0,0.0,0.0,1.0]])}
Attempt 3:
{'score': 0.0, 'T_1in0': matlab.double([[0.3186878592994573,0.7204578327020785,-0.6159371393521851,-6.372062499650609],[0.4298609004759043,0.4692993805928223,0.7713479744040543,-1.8726249290331476],[0.8447826078803788,-0.5105865280962835,-0.16013663774854597,0.7864262872098096],[0.0,0.0,0.0,1.0]])}
Attempt 4:
{'score': 0.0, 'T_1in0': matlab.double([[0.5897061793870653,0.7871374759963181,-0.18072414303256848,-6.084737601124268],[0.3112607586415578,-0.015025676050792691,0.9502057509766497,-0.9851527429509359],[0.7452270540731815,-0.6165945369052198,-0.2538657419504356,2.125256369017468],[0.0,0.0,0.0,1.0]])}
Attempt 5:
{'score': 0.0, 'T_1in0': matlab.double([[-0.01004775605117525,0.6678308145372567,-0.7442452860131801,-6.855154219708115],[0.17632064533131123,0.7338040969536056,0.6560812276875886,-2.0637018725419356],[0.9842815007040852,-0.12463366498906973,-0.1251254447468871,-0.29590574744868947],[0.0,0.0,0.0,1.0]])}
Attempt 6:
{'score': 0.0, 'T_1in0': matlab.double([[0.2878681263182585,0.3136085943578786,-0.9048655101145644,-6.220434225958785],[0.4208310213221485,0.807321628733222,0.41368229267457823,-2.470330037600315],[0.8602518197266268,-0.4998814232639712,0.10042593954060794,1.183288857803221],[0.0,0.0,0.0,1.0]])}
Attempt 7:
{'score': 0.0, 'T_1in0': matlab.double([[-0.12568387689064336,0.7981358833636973,-0.5892220929131798,-7.168487458747565],[0.7355135740492614,0.47353635570536934,0.4845442211135736,-3.3486847975666225],[0.6657502125264545,-0.3724814512328478,-0.646555661183515,1.2776112027740332],[0.0,0.0,0.0,1.0]])}
Attempt 8:
{'score': 0.0, 'T_1in0': matlab.double([[-0.2193915334374002,0.7677399870298084,-0.602032114900406,-7.290183032221355],[0.5123989882384863,0.6157825062134168,0.598547560260418,-4.5938138945535085],[0.8302497406853926,-0.17716437948129643,-0.5284866608863894,0.6286468255274793],[0.0,0.0,0.0,1.0]])}
Attempt 9:
{'score': 0.0, 'T_1in0': matlab.double([[-0.3631393161206508,-0.7070878505573592,0.6067591026771659,-8.872608092666402],[0.8896518132739455,-0.45663941990480206,0.00030220421373589046,-6.184486885688626],[0.2768564397405393,0.5399140781487176,0.7948857150502917,-2.17430161747866],[0.0,0.0,0.0,1.0]])}
Attempt 10:
{'score': 0.0, 'T_1in0': matlab.double([[-0.22807633549831596,0.7748189247933213,-0.5896073430409269,-7.309937305193735],[0.6154874996230599,0.5839586974921576,0.5293083953906427,-4.0432313426156385],[0.7544244978746473,-0.24217323015846431,-0.61007852248805,0.8143394318350139],[0.0,0.0,0.0,1.0]])}
